StartChar: uniFF0E
Encoding: 65294 65294 360
Width: 725
VWidth: 0
Flags: W
HStem: 0.000976562 82.8574<328.838 396.163>
VStem: 321.9 81.1992<6.53047 76.3286>
LayerCount: 2
Fore
Refer: 100 46 N 1 0 0 1 0 0 2
Validated: 1
EndChar
