StartChar: uniFF1A
Encoding: 65306 65306 300
Width: 725
VWidth: 0
Flags: W
HStem: 0.000976562 82.8574<328.837 396.162> 331.429 82.8574<328.837 396.163>
VStem: 321.9 81.1992<6.53047 76.3286 337.958 407.756>
LayerCount: 2
Fore
Refer: 13 58 N 1 0 0 1 0 0 2
Validated: 1
EndChar
